81 75 57 
73 63 67 
78 59 68 
73 69 63 
72 65 68 
81 62 63 
81 68 59 
80 64 64 
81 55 74 
84 58 69 
87 67 60 
79 78 58 
82 77 55 
87 73 56 
67 66 71 
67 72 67 
66 68 72 
75 75 60 
74 65 65 
79 61 66 
71 72 64 
74 71 61 
73 67 66 
80 73 59 
82 64 61 
79 71 60 
82 70 57 
81 66 62 
82 57 72 
85 60 67 
67 63 76 
70 66 67 
75 62 68 
69 62 72 
74 58 73 
78 65 63 
77 61 68 
70 59 82 
64 63 83 
72 58 78 
77 54 79 
66 62 79 
71 58 80 
80 57 74 
79 74 59 
77 82 59 
80 81 56 
64 69 71 
63 65 76 
68 61 77 
65 76 68 
66 73 70 
70 80 64 
73 79 61 
68 69 68 
71 68 65 
76 64 66 
67 65 73 
72 61 74 
70 64 70 
75 60 71 
69 76 65 
72 75 62 
76 68 64 
79 67 61 
78 63 66 
80 74 58 
69 60 85 
63 64 86 
61 69 78 
66 61 82 
71 57 83 
60 65 83 
65 61 84 
62 76 75 
75 57 80 
73 60 76 
78 56 77 
